LogisticRegression: 0.9619047619047618
KNN(n=5):  0.9714285714285713
DecisionTreeClassifier: 0.9428571428571427